
# Boomerang Cryptanalysis of CRAFT

**Life truly is a boomerang. What you give, you get!**

Author: Hosein Hadipour

- [Boomerang Cryptanalysis of CRAFT](#boomerang-cryptanalysis-of-craft)
- [Define CRAFT's S-box](#define-crafts-s-box)
- [Em-7 Rounds](#em-7-rounds)
  - [Visual Representation for BCT of CRAFT's S-box](#visual-representation-for-bct-of-crafts-s-box)
  - [Visual Representation for DDT of CRAFT's S-box](#visual-representation-for-ddt-of-crafts-s-box)
- [8 Rounds](#8-rounds)
  - [Pbm-8 Rounds](#pbm-8-rounds)
- [9 Rounds](#9-rounds)
  - [E0-9 Rounds](#e0-9-rounds)
  - [E1-9 Rounds](#e1-9-rounds)
  - [Pbm-9 Rounds](#pbm-9-rounds)
- [10 Rounds](#10-rounds)
  - [E0-10 Rounds](#e0-10-rounds)
  - [E1-10 Rounds](#e1-10-rounds)
  - [Pbm-10 Rounds](#pbm-10-rounds)
- [11 Rounds](#11-rounds)
  - [E0-11 Rounds](#e0-11-rounds)
  - [E1-11 Rounds](#e1-11-rounds)
  - [Pbm-11 Rounds](#pbm-11-rounds)
- [12 Rounds](#12-rounds)
  - [E0-12 Rounds](#e0-12-rounds)
  - [E1-12 Rounds](#e1-12-rounds)
  - [Pbm-12 Rounds](#pbm-12-rounds)
- [13 Rounds](#13-rounds)
  - [E0-13 Rounds](#e0-13-rounds)
  - [E1-13 Rounds](#e1-13-rounds)
  - [Pbm-13 Rounds](#pbm-13-rounds)
- [14 Rounds](#14-rounds)
  - [E0-14 Rounds](#e0-14-rounds)
  - [E1-14 Rounds](#e1-14-rounds)
  - [Pbm-14 Rounds](#pbm-14-rounds)

# Define CRAFT's S-box


```python
from sage.crypto.sboxes import SBox
sb = SBox([0xc, 0xa, 0xd, 0x3, 0xe, 0xb, 0xf, 0x7, 0x8, 0x9, 0x1, 0x5, 0x0, 0x2, 0x4, 0x6])
ddt = sb.difference_distribution_table()
bct = sb.boomerang_connectivity_table()
```


```python
sample = "0x0000000000A00000"
ios = [0]*15
for i in range(1, 16):
    ios[i - 1] = sample.replace('A', hex(i)[2:])
# ios
```


```python
with open('possible_ios.txt', 'w') as fileobj:
    for i in range(15):
        fileobj.write(ios[i])
        fileobj.write('\n')
```


```python
# 0: Theoretical
# 1: Empirical
flag = 0
if (flag == 0):
    r7 = matrix(RR, [[0.0000580831007974356,0.0000891196442952869,0.0000468747655416333,0.0000582294291096733,0.0000764722580636883,0.0000477296737290910,0.0000532883984499387,0.0000474047121696198,0.0000580858788133588,0.0000814596420258804,0.0000469162750594569,0.0000580858788133588,0.0000615359490993059,0.0000475073414445083,0.0000606396520113517],
    [0.0000891196442952869,0.0000911819001774701,0.0000501525645340834,0.0000891196442952869,0.0000580478838577573,0.0000501525645340834,0.0000625063809474764,0.0000516826653718887,0.0000891196442952869,0.0000686065097964382,0.0000501525645340834,0.0000891196442952869,0.0000499810591672509,0.0000501525645340834,0.0000497159396350837],
    [0.0000468747655416333,0.0000501525645340834,0.0000479455019688126,0.0000477296737290910,0.0000973554992981395,0.0000497327936578453,0.0000846142983518782,0.0000348077961858884,0.0000475073414445083,0.000152451080926528,0.0000486876029729056,0.0000469162750594569,0.0000986598076377884,0.0000486876029729056,0.000103948891933657],
    [0.0000582294291096733,0.0000891196442952869,0.0000477296737290910,0.0000580831007974356,0.0000764722580636883,0.0000468747655416333,0.0000532883984499387,0.0000474047121696198,0.0000580858788133588,0.0000814596420258804,0.0000475073414445083,0.0000580858788133588,0.0000615359490993059,0.0000469162750594569,0.0000606396520113517],
    [0.0000764722580636883,0.0000580478838577573,0.0000973554992981395,0.0000764722580636883,0.000235263315536011,0.0000973554992981395,0.000202073813894534,0.0000505605260683185,0.0000764722580636883,0.000407920604084440,0.0000973554992981395,0.0000764722580636883,0.000248514732343450,0.0000973554992981395,0.000269658662481430],
    [0.0000477296737290910,0.0000501525645340834,0.0000497327936578453,0.0000468747655416333,0.0000973554992981395,0.0000479455019688126,0.0000846142983518782,0.0000348077961858884,0.0000469162750594569,0.000152451080926528,0.0000486876029729056,0.0000475073414445083,0.0000986598076377884,0.0000486876029729056,0.000103948891933657],
    [0.0000532883984499387,0.0000625063809474764,0.0000846142983518782,0.0000532883984499387,0.000202073813894534,0.0000846142983518782,0.000174269896582463,0.0000481652440031358,0.0000532883984499387,0.000354190220739217,0.0000846142983518782,0.0000532883984499387,0.000207187272278957,0.0000846142983518782,0.000233198964041004],
    [0.0000474047121696198,0.0000516826653718887,0.0000348077961858884,0.0000474047121696198,0.0000505605260683185,0.0000348077961858884,0.0000481652440031358,0.0000311332993496929,0.0000474047121696198,0.0000682298230347316,0.0000348077961858884,0.0000474047121696198,0.0000473839173377895,0.0000348077961858884,0.0000480213004886388],
    [0.0000580858788133588,0.0000891196442952869,0.0000475073414445083,0.0000580858788133588,0.0000764722580636883,0.0000469162750594569,0.0000532883984499387,0.0000474047121696198,0.0000582294291096733,0.0000814596420258804,0.0000477296737290910,0.0000580831007974356,0.0000615359490993059,0.0000468747655416333,0.0000606396520113517],
    [0.0000814596420258804,0.0000686065097964382,0.000152451080926528,0.0000814596420258804,0.000407920604084440,0.000152451080926528,0.000354190220739217,0.0000682298230347316,0.0000814596420258804,0.000743424575072643,0.000152451080926528,0.0000814596420258804,0.000429900974178722,0.000152451080926528,0.000479444685945549],
    [0.0000469162750594569,0.0000501525645340834,0.0000486876029729056,0.0000475073414445083,0.0000973554992981395,0.0000486876029729056,0.0000846142983518782,0.0000348077961858884,0.0000477296737290910,0.000152451080926528,0.0000497327936578453,0.0000468747655416333,0.0000986598076377884,0.0000479455019688126,0.000103948891933657],
    [0.0000580858788133588,0.0000891196442952869,0.0000469162750594569,0.0000580858788133588,0.0000764722580636883,0.0000475073414445083,0.0000532883984499387,0.0000474047121696198,0.0000580831007974356,0.0000814596420258804,0.0000468747655416333,0.0000582294291096733,0.0000615359490993059,0.0000477296737290910,0.0000606396520113517],
    [0.0000615359490993059,0.0000499810591672509,0.0000986598076377884,0.0000615359490993059,0.000248514732343450,0.0000986598076377884,0.000207187272278957,0.0000473839173377895,0.0000615359490993059,0.000429900974178722,0.0000986598076377884,0.0000615359490993059,0.000263382114459800,0.0000986598076377884,0.000284964929726811],
    [0.0000475073414445083,0.0000501525645340834,0.0000486876029729056,0.0000469162750594569,0.0000973554992981395,0.0000486876029729056,0.0000846142983518782,0.0000348077961858884,0.0000468747655416333,0.000152451080926528,0.0000479455019688126,0.0000477296737290910,0.0000986598076377884,0.0000497327936578453,0.000103948891933657],
    [0.0000606396520113517,0.0000497159396350837,0.000103948891933657,0.0000606396520113517,0.000269658662481430,0.000103948891933657,0.000233198964041004,0.0000480213004886388,0.0000606396520113517,0.000479444685945549,0.000103948891933657,0.0000606396520113517,0.000284964929726811,0.000103948891933657,0.000309573371219075]])
else:
    r7 = matrix(RR, [[2^-13.90,2^-12.99,2^-14.18,2^-13.86,2^-13.48,2^-14.18,2^-13.92,2^-14.04,2^-13.86,2^-13.41,2^-14.25,2^-13.90,2^-13.83,2^-14.18,2^-13.80],
    [2^-12.98,2^-12.43,2^-13.68,2^-13.01,2^-13.35,2^-13.64,2^-13.42,2^-13.48,2^-13.02,2^-13.21,2^-13.66,2^-12.99,2^-13.60,2^-13.65,2^-13.58],
    [2^-14.20,2^-13.66,2^-14.26,2^-14.17,2^-13.20,2^-14.21,2^-13.34,2^-14.33,2^-14.17,2^-12.56,2^-14.21,2^-14.24,2^-13.20,2^-14.22,2^-13.06],
    [2^-13.90,2^-13.00,2^-14.18,2^-13.89,2^-13.49,2^-14.23,2^-13.94,2^-14.06,2^-13.88,2^-13.43,2^-14.19,2^-13.85,2^-13.79,2^-14.20,2^-13.76],
    [2^-13.49,2^-13.31,2^-13.18,2^-13.50,2^-11.96,2^-13.20,2^-12.06,2^-13.69,2^-13.45,2^-11.10,2^-13.19,2^-13.47,2^-11.84,2^-13.22,2^-11.69],
    [2^-14.16,2^-13.63,2^-14.17,2^-14.22,2^-13.21,2^-14.24,2^-13.33,2^-14.34,2^-14.19,2^-12.56,2^-14.27,2^-14.17,2^-13.20,2^-14.20,2^-13.06],
    [2^-13.96,2^-13.40,2^-13.34,2^-13.97,2^-12.04,2^-13.33,2^-12.07,2^-13.81,2^-13.97,2^-11.12,2^-13.33,2^-13.97,2^-11.98,2^-13.34,2^-11.67],
    [2^-14.07,2^-13.53,2^-14.35,2^-14.03,2^-13.67,2^-14.34,2^-13.76,2^-14.39,2^-14.03,2^-13.22,2^-14.37,2^-14.04,2^-13.80,2^-14.35,2^-13.69],
    [2^-13.87,2^-12.99,2^-14.17,2^-13.87,2^-13.51,2^-14.22,2^-13.97,2^-14.00,2^-13.93,2^-13.39,2^-14.20,2^-13.85,2^-13.87,2^-14.21,2^-13.79],
    [2^-13.41,2^-13.24,2^-12.56,2^-13.39,2^-11.11,2^-12.53,2^-11.11,2^-13.22,2^-13.41,2^-10.11,2^-12.58,2^-13.39,2^-11.02,2^-12.55,2^-10.72],
    [2^-14.23,2^-13.66,2^-14.19,2^-14.14,2^-13.23,2^-14.19,2^-13.32,2^-14.33,2^-14.14,2^-12.58,2^-14.20,2^-14.16,2^-13.23,2^-14.22,2^-13.06],
    [2^-13.86,2^-12.98,2^-14.21,2^-13.85,2^-13.48,2^-14.17,2^-13.97,2^-14.02,2^-13.86,2^-13.39,2^-14.22,2^-13.87,2^-13.84,2^-14.18,2^-13.81],
    [2^-13.83,2^-13.61,2^-13.17,2^-13.82,2^-11.87,2^-13.20,2^-11.99,2^-13.78,2^-13.84,2^-11.03,2^-13.18,2^-13.83,2^-11.76,2^-13.21,2^-11.56],
    [2^-14.18,2^-13.69,2^-14.19,2^-14.19,2^-13.21,2^-14.27,2^-13.31,2^-14.36,2^-14.21,2^-12.53,2^-14.23,2^-14.16,2^-13.23,2^-14.20,2^-13.03],
    [2^-13.82,2^-13.59,2^-13.08,2^-13.79,2^-11.68,2^-13.07,2^-11.70,2^-13.65,2^-13.78,2^-10.73,2^-13.05,2^-13.78,2^-11.56,2^-13.07,2^-11.32]])
```


```python
R7r = [[[[2^(-14.0715), 0, 0, 2^(-15.5966), 0, 0, 0, 0, 2^(-16.8218), 0, 0, 2^(-16.1677), 0, 0, 0], [0, 2^(-13.4539), 0, 0, 0, 0, 0, 0, 0, 0, 0, 0, 0, 0, 0], [0, 0, 2^(-14.3808), 0, 0, 2^(-17.7300), 0, 0, 0, 0, 2^(-15.9566), 0, 0, 0, 0], [2^(-15.5966), 0, 0, 2^(-14.0679), 0, 0, 0, 0, 2^(-16.1615), 0, 0, 2^(-16.8341), 0, 0, 0], [0, 0, 0, 0, 2^(-13.6747), 0, 0, 2^(-16.1886), 0, 0, 0, 0, 2^(-16.2553), 0, 0], [0, 0, 2^(-17.7300), 0, 0, 2^(-14.3548), 0, 0, 0, 0, 0, 0, 0, 2^(-15.9411), 0], [0, 0, 0, 0, 0, 0, 2^(-14.1958), 0, 0, 0, 0, 0, 0, 0, 2^(-16.6044)], [0, 0, 0, 0, 2^(-16.1886), 0, 0, 2^(-14.3646), 0, 0, 0, 0, 2^(-16.6044), 0, 0], [2^(-16.8218), 0, 0, 2^(-16.1615), 0, 0, 0, 0, 2^(-14.0715), 0, 0, 2^(-15.5996), 0, 0, 0], [0, 0, 0, 0, 0, 0, 0, 0, 0, 2^(-13.5836), 0, 0, 0, 0, 2^(-16.3366)], [0, 0, 2^(-15.9566), 0, 0, 0, 0, 0, 0, 0, 2^(-14.3796), 0, 0, 2^(-17.7300), 0], [2^(-16.1677), 0, 0, 2^(-16.8341), 0, 0, 0, 0, 2^(-15.5996), 0, 0, 2^(-14.0715), 0, 0, 0], [0, 0, 0, 0, 2^(-16.2553), 0, 0, 2^(-16.6044), 0, 0, 0, 0, 2^(-13.9882), 0, 0], [0, 0, 0, 0, 0, 2^(-15.9411), 0, 0, 0, 0, 2^(-17.7300), 0, 0, 2^(-14.3615), 0], [0, 0, 0, 0, 0, 0, 2^(-16.6044), 0, 0, 2^(-16.3366), 0, 0, 0, 0, 2^(-14.0094)]], [[0, 0, 0, 0, 0, 0, 0, 0, 0, 0, 0, 0, 0, 0, 0], [0, 0, 0, 0, 0, 0, 0, 0, 0, 0, 0, 0, 0, 0, 0], [0, 0, 0, 0, 0, 0, 0, 0, 0, 0, 0, 0, 0, 0, 0], [0, 0, 0, 0, 0, 0, 0, 0, 0, 0, 0, 0, 0, 0, 0], [0, 0, 0, 0, 0, 0, 0, 0, 0, 0, 0, 0, 0, 0, 0], [0, 0, 0, 0, 0, 0, 0, 0, 0, 0, 0, 0, 0, 0, 0], [0, 0, 0, 0, 0, 0, 0, 0, 0, 0, 0, 0, 0, 0, 0], [0, 0, 0, 0, 0, 0, 0, 0, 0, 0, 0, 0, 0, 0, 0], [0, 0, 0, 0, 0, 0, 0, 0, 0, 0, 0, 0, 0, 0, 0], [0, 0, 0, 0, 0, 0, 0, 0, 0, 0, 0, 0, 0, 0, 0], [0, 0, 0, 0, 0, 0, 0, 0, 0, 0, 0, 0, 0, 0, 0], [0, 0, 0, 0, 0, 0, 0, 0, 0, 0, 0, 0, 0, 0, 0], [0, 0, 0, 0, 0, 0, 0, 0, 0, 0, 0, 0, 0, 0, 0], [0, 0, 0, 0, 0, 0, 0, 0, 0, 0, 0, 0, 0, 0, 0], [0, 0, 0, 0, 0, 0, 0, 0, 0, 0, 0, 0, 0, 0, 0]], [[0, 0, 0, 0, 0, 0, 0, 0, 0, 0, 0, 0, 0, 0, 0], [0, 0, 0, 0, 0, 0, 0, 0, 0, 0, 0, 0, 0, 0, 0], [0, 0, 0, 0, 0, 0, 0, 0, 0, 0, 0, 0, 0, 0, 0], [0, 0, 0, 0, 0, 0, 0, 0, 0, 0, 0, 0, 0, 0, 0], [0, 0, 0, 0, 0, 0, 0, 0, 0, 0, 0, 0, 0, 0, 0], [0, 0, 0, 0, 0, 0, 0, 0, 0, 0, 0, 0, 0, 0, 0], [0, 0, 0, 0, 0, 0, 0, 0, 0, 0, 0, 0, 0, 0, 0], [0, 0, 0, 0, 0, 0, 0, 0, 0, 0, 0, 0, 0, 0, 0], [0, 0, 0, 0, 0, 0, 0, 0, 0, 0, 0, 0, 0, 0, 0], [0, 0, 0, 0, 0, 0, 0, 0, 0, 0, 0, 0, 0, 0, 0], [0, 0, 0, 0, 0, 0, 0, 0, 0, 0, 0, 0, 0, 0, 0], [0, 0, 0, 0, 0, 0, 0, 0, 0, 0, 0, 0, 0, 0, 0], [0, 0, 0, 0, 0, 0, 0, 0, 0, 0, 0, 0, 0, 0, 0], [0, 0, 0, 0, 0, 0, 0, 0, 0, 0, 0, 0, 0, 0, 0], [0, 0, 0, 0, 0, 0, 0, 0, 0, 0, 0, 0, 0, 0, 0]], [[2^(-15.5966), 0, 0, 2^(-16.8461), 0, 0, 0, 0, 2^(-18.3166), 0, 0, 2^(-17.6515), 0, 0, 0], [0, 2^(-15.3341), 0, 0, 0, 0, 0, 0, 0, 0, 0, 0, 0, 0, 0], [0, 0, 2^(-15.7554), 0, 0, 2^(-18.3027), 0, 0, 0, 0, 2^(-17.0954), 0, 0, 0, 0], [2^(-16.8461), 0, 0, 2^(-15.5966), 0, 0, 0, 0, 2^(-17.6515), 0, 0, 2^(-18.3166), 0, 0, 0], [0, 0, 0, 0, 2^(-14.9219), 0, 0, 2^(-18.0491), 0, 0, 0, 0, 2^(-16.9495), 0, 0], [0, 0, 2^(-18.3027), 0, 0, 2^(-15.7554), 0, 0, 0, 0, 0, 0, 0, 2^(-17.0954), 0], [0, 0, 0, 0, 0, 0, 2^(-14.9970), 0, 0, 0, 0, 0, 0, 0, 2^(-18.0885)], [0, 0, 0, 0, 2^(-18.0491), 0, 0, 2^(-16.0774), 0, 0, 0, 0, 2^(-18.0885), 0, 0], [2^(-18.3166), 0, 0, 2^(-17.6515), 0, 0, 0, 0, 2^(-15.5996), 0, 0, 2^(-16.8508), 0, 0, 0], [0, 0, 0, 0, 0, 0, 0, 0, 0, 2^(-14.2039), 0, 0, 0, 0, 2^(-17.0484)], [0, 0, 2^(-17.0954), 0, 0, 0, 0, 0, 0, 0, 2^(-15.7571), 0, 0, 2^(-18.3027), 0], [2^(-17.6515), 0, 0, 2^(-18.3166), 0, 0, 0, 0, 2^(-16.8508), 0, 0, 2^(-15.5996), 0, 0, 0], [0, 0, 0, 0, 2^(-16.9495), 0, 0, 2^(-18.0885), 0, 0, 0, 0, 2^(-15.0323), 0, 0], [0, 0, 0, 0, 0, 2^(-17.0954), 0, 0, 0, 0, 2^(-18.3027), 0, 0, 2^(-15.7571), 0], [0, 0, 0, 0, 0, 0, 2^(-18.0885), 0, 0, 2^(-17.0484), 0, 0, 0, 0, 2^(-14.8231)]], [[0, 0, 0, 0, 0, 0, 0, 0, 0, 0, 0, 0, 0, 0, 0], [0, 0, 0, 0, 0, 0, 0, 0, 0, 0, 0, 0, 0, 0, 0], [0, 0, 0, 0, 0, 0, 0, 0, 0, 0, 0, 0, 0, 0, 0], [0, 0, 0, 0, 0, 0, 0, 0, 0, 0, 0, 0, 0, 0, 0], [0, 0, 0, 0, 0, 0, 0, 0, 0, 0, 0, 0, 0, 0, 0], [0, 0, 0, 0, 0, 0, 0, 0, 0, 0, 0, 0, 0, 0, 0], [0, 0, 0, 0, 0, 0, 0, 0, 0, 0, 0, 0, 0, 0, 0], [0, 0, 0, 0, 0, 0, 0, 0, 0, 0, 0, 0, 0, 0, 0], [0, 0, 0, 0, 0, 0, 0, 0, 0, 0, 0, 0, 0, 0, 0], [0, 0, 0, 0, 0, 0, 0, 0, 0, 0, 0, 0, 0, 0, 0], [0, 0, 0, 0, 0, 0, 0, 0, 0, 0, 0, 0, 0, 0, 0], [0, 0, 0, 0, 0, 0, 0, 0, 0, 0, 0, 0, 0, 0, 0], [0, 0, 0, 0, 0, 0, 0, 0, 0, 0, 0, 0, 0, 0, 0], [0, 0, 0, 0, 0, 0, 0, 0, 0, 0, 0, 0, 0, 0, 0], [0, 0, 0, 0, 0, 0, 0, 0, 0, 0, 0, 0, 0, 0, 0]], [[0, 0, 0, 0, 0, 0, 0, 0, 0, 0, 0, 0, 0, 0, 0], [0, 0, 0, 0, 0, 0, 0, 0, 0, 0, 0, 0, 0, 0, 0], [0, 0, 0, 0, 0, 0, 0, 0, 0, 0, 0, 0, 0, 0, 0], [0, 0, 0, 0, 0, 0, 0, 0, 0, 0, 0, 0, 0, 0, 0], [0, 0, 0, 0, 0, 0, 0, 0, 0, 0, 0, 0, 0, 0, 0], [0, 0, 0, 0, 0, 0, 0, 0, 0, 0, 0, 0, 0, 0, 0], [0, 0, 0, 0, 0, 0, 0, 0, 0, 0, 0, 0, 0, 0, 0], [0, 0, 0, 0, 0, 0, 0, 0, 0, 0, 0, 0, 0, 0, 0], [0, 0, 0, 0, 0, 0, 0, 0, 0, 0, 0, 0, 0, 0, 0], [0, 0, 0, 0, 0, 0, 0, 0, 0, 0, 0, 0, 0, 0, 0], [0, 0, 0, 0, 0, 0, 0, 0, 0, 0, 0, 0, 0, 0, 0], [0, 0, 0, 0, 0, 0, 0, 0, 0, 0, 0, 0, 0, 0, 0], [0, 0, 0, 0, 0, 0, 0, 0, 0, 0, 0, 0, 0, 0, 0], [0, 0, 0, 0, 0, 0, 0, 0, 0, 0, 0, 0, 0, 0, 0], [0, 0, 0, 0, 0, 0, 0, 0, 0, 0, 0, 0, 0, 0, 0]], [[0, 0, 0, 0, 0, 0, 0, 0, 0, 0, 0, 0, 0, 0, 0], [0, 0, 0, 0, 0, 0, 0, 0, 0, 0, 0, 0, 0, 0, 0], [0, 0, 0, 0, 0, 0, 0, 0, 0, 0, 0, 0, 0, 0, 0], [0, 0, 0, 0, 0, 0, 0, 0, 0, 0, 0, 0, 0, 0, 0], [0, 0, 0, 0, 0, 0, 0, 0, 0, 0, 0, 0, 0, 0, 0], [0, 0, 0, 0, 0, 0, 0, 0, 0, 0, 0, 0, 0, 0, 0], [0, 0, 0, 0, 0, 0, 0, 0, 0, 0, 0, 0, 0, 0, 0], [0, 0, 0, 0, 0, 0, 0, 0, 0, 0, 0, 0, 0, 0, 0], [0, 0, 0, 0, 0, 0, 0, 0, 0, 0, 0, 0, 0, 0, 0], [0, 0, 0, 0, 0, 0, 0, 0, 0, 0, 0, 0, 0, 0, 0], [0, 0, 0, 0, 0, 0, 0, 0, 0, 0, 0, 0, 0, 0, 0], [0, 0, 0, 0, 0, 0, 0, 0, 0, 0, 0, 0, 0, 0, 0], [0, 0, 0, 0, 0, 0, 0, 0, 0, 0, 0, 0, 0, 0, 0], [0, 0, 0, 0, 0, 0, 0, 0, 0, 0, 0, 0, 0, 0, 0], [0, 0, 0, 0, 0, 0, 0, 0, 0, 0, 0, 0, 0, 0, 0]], [[0, 0, 0, 0, 0, 0, 0, 0, 0, 0, 0, 0, 0, 0, 0], [0, 0, 0, 0, 0, 0, 0, 0, 0, 0, 0, 0, 0, 0, 0], [0, 0, 0, 0, 0, 0, 0, 0, 0, 0, 0, 0, 0, 0, 0], [0, 0, 0, 0, 0, 0, 0, 0, 0, 0, 0, 0, 0, 0, 0], [0, 0, 0, 0, 0, 0, 0, 0, 0, 0, 0, 0, 0, 0, 0], [0, 0, 0, 0, 0, 0, 0, 0, 0, 0, 0, 0, 0, 0, 0], [0, 0, 0, 0, 0, 0, 0, 0, 0, 0, 0, 0, 0, 0, 0], [0, 0, 0, 0, 0, 0, 0, 0, 0, 0, 0, 0, 0, 0, 0], [0, 0, 0, 0, 0, 0, 0, 0, 0, 0, 0, 0, 0, 0, 0], [0, 0, 0, 0, 0, 0, 0, 0, 0, 0, 0, 0, 0, 0, 0], [0, 0, 0, 0, 0, 0, 0, 0, 0, 0, 0, 0, 0, 0, 0], [0, 0, 0, 0, 0, 0, 0, 0, 0, 0, 0, 0, 0, 0, 0], [0, 0, 0, 0, 0, 0, 0, 0, 0, 0, 0, 0, 0, 0, 0], [0, 0, 0, 0, 0, 0, 0, 0, 0, 0, 0, 0, 0, 0, 0], [0, 0, 0, 0, 0, 0, 0, 0, 0, 0, 0, 0, 0, 0, 0]], [[2^(-16.8218), 0, 0, 2^(-18.3166), 0, 0, 0, 0, 2^(-19.0478), 0, 0, 2^(-18.5288), 0, 0, 0], [0, 2^(-16.4275), 0, 0, 0, 0, 0, 0, 0, 0, 0, 0, 0, 0, 0], [0, 0, 2^(-17.5054), 0, 0, 2^(-21.9724), 0, 0, 0, 0, 2^(-19.5617), 0, 0, 0, 0], [2^(-18.3166), 0, 0, 2^(-16.8341), 0, 0, 0, 0, 2^(-18.5613), 0, 0, 2^(-19.0478), 0, 0, 0], [0, 0, 0, 0, 2^(-17.2915), 0, 0, 2^(-19.2502), 0, 0, 0, 0, 2^(-20.8886), 0, 0], [0, 0, 2^(-21.9724), 0, 0, 2^(-17.5412), 0, 0, 0, 0, 0, 0, 0, 2^(-19.5617), 0], [0, 0, 0, 0, 0, 0, 2^(-17.7067), 0, 0, 0, 0, 0, 0, 0, 2^(-19.3097)], [0, 0, 0, 0, 2^(-19.2502), 0, 0, 2^(-17.3511), 0, 0, 0, 0, 2^(-19.3097), 0, 0], [2^(-19.0478), 0, 0, 2^(-18.5613), 0, 0, 0, 0, 2^(-16.8341), 0, 0, 2^(-18.3166), 0, 0, 0], [0, 0, 0, 0, 0, 0, 0, 0, 0, 2^(-17.6792), 0, 0, 0, 0, 2^(-21.4191)], [0, 0, 2^(-19.5617), 0, 0, 0, 0, 0, 0, 0, 2^(-17.5412), 0, 0, 2^(-21.9724), 0], [2^(-18.5288), 0, 0, 2^(-19.0478), 0, 0, 0, 0, 2^(-18.3166), 0, 0, 2^(-16.8218), 0, 0, 0], [0, 0, 0, 0, 2^(-20.8886), 0, 0, 2^(-19.3097), 0, 0, 0, 0, 2^(-17.9042), 0, 0], [0, 0, 0, 0, 0, 2^(-19.5617), 0, 0, 0, 0, 2^(-21.9724), 0, 0, 2^(-17.5054), 0], [0, 0, 0, 0, 0, 0, 2^(-19.3097), 0, 0, 2^(-21.4191), 0, 0, 0, 0, 2^(-17.9627)]], [[0, 0, 0, 0, 0, 0, 0, 0, 0, 0, 0, 0, 0, 0, 0], [0, 0, 0, 0, 0, 0, 0, 0, 0, 0, 0, 0, 0, 0, 0], [0, 0, 0, 0, 0, 0, 0, 0, 0, 0, 0, 0, 0, 0, 0], [0, 0, 0, 0, 0, 0, 0, 0, 0, 0, 0, 0, 0, 0, 0], [0, 0, 0, 0, 0, 0, 0, 0, 0, 0, 0, 0, 0, 0, 0], [0, 0, 0, 0, 0, 0, 0, 0, 0, 0, 0, 0, 0, 0, 0], [0, 0, 0, 0, 0, 0, 0, 0, 0, 0, 0, 0, 0, 0, 0], [0, 0, 0, 0, 0, 0, 0, 0, 0, 0, 0, 0, 0, 0, 0], [0, 0, 0, 0, 0, 0, 0, 0, 0, 0, 0, 0, 0, 0, 0], [0, 0, 0, 0, 0, 0, 0, 0, 0, 0, 0, 0, 0, 0, 0], [0, 0, 0, 0, 0, 0, 0, 0, 0, 0, 0, 0, 0, 0, 0], [0, 0, 0, 0, 0, 0, 0, 0, 0, 0, 0, 0, 0, 0, 0], [0, 0, 0, 0, 0, 0, 0, 0, 0, 0, 0, 0, 0, 0, 0], [0, 0, 0, 0, 0, 0, 0, 0, 0, 0, 0, 0, 0, 0, 0], [0, 0, 0, 0, 0, 0, 0, 0, 0, 0, 0, 0, 0, 0, 0]], [[0, 0, 0, 0, 0, 0, 0, 0, 0, 0, 0, 0, 0, 0, 0], [0, 0, 0, 0, 0, 0, 0, 0, 0, 0, 0, 0, 0, 0, 0], [0, 0, 0, 0, 0, 0, 0, 0, 0, 0, 0, 0, 0, 0, 0], [0, 0, 0, 0, 0, 0, 0, 0, 0, 0, 0, 0, 0, 0, 0], [0, 0, 0, 0, 0, 0, 0, 0, 0, 0, 0, 0, 0, 0, 0], [0, 0, 0, 0, 0, 0, 0, 0, 0, 0, 0, 0, 0, 0, 0], [0, 0, 0, 0, 0, 0, 0, 0, 0, 0, 0, 0, 0, 0, 0], [0, 0, 0, 0, 0, 0, 0, 0, 0, 0, 0, 0, 0, 0, 0], [0, 0, 0, 0, 0, 0, 0, 0, 0, 0, 0, 0, 0, 0, 0], [0, 0, 0, 0, 0, 0, 0, 0, 0, 0, 0, 0, 0, 0, 0], [0, 0, 0, 0, 0, 0, 0, 0, 0, 0, 0, 0, 0, 0, 0], [0, 0, 0, 0, 0, 0, 0, 0, 0, 0, 0, 0, 0, 0, 0], [0, 0, 0, 0, 0, 0, 0, 0, 0, 0, 0, 0, 0, 0, 0], [0, 0, 0, 0, 0, 0, 0, 0, 0, 0, 0, 0, 0, 0, 0], [0, 0, 0, 0, 0, 0, 0, 0, 0, 0, 0, 0, 0, 0, 0]], [[2^(-16.1677), 0, 0, 2^(-17.6515), 0, 0, 0, 0, 2^(-18.5288), 0, 0, 2^(-18.0272), 0, 0, 0], [0, 2^(-15.7660), 0, 0, 0, 0, 0, 0, 0, 0, 0, 0, 0, 0, 0], [0, 0, 2^(-16.7292), 0, 0, 2^(-20.5763), 0, 0, 0, 0, 2^(-18.4994), 0, 0, 0, 0], [2^(-17.6515), 0, 0, 2^(-16.1615), 0, 0, 0, 0, 2^(-18.0272), 0, 0, 2^(-18.5613), 0, 0, 0], [0, 0, 0, 0, 2^(-16.2927), 0, 0, 2^(-18.5162), 0, 0, 0, 0, 2^(-19.3108), 0, 0], [0, 0, 2^(-20.5763), 0, 0, 2^(-16.7027), 0, 0, 0, 0, 0, 0, 0, 2^(-18.4622), 0], [0, 0, 0, 0, 0, 0, 2^(-16.6210), 0, 0, 0, 0, 0, 0, 0, 2^(-18.7567)], [0, 0, 0, 0, 2^(-18.5162), 0, 0, 2^(-16.6489), 0, 0, 0, 0, 2^(-18.7567), 0, 0], [2^(-18.5288), 0, 0, 2^(-18.0272), 0, 0, 0, 0, 2^(-16.1677), 0, 0, 2^(-17.6515), 0, 0, 0], [0, 0, 0, 0, 0, 0, 0, 0, 0, 2^(-16.3250), 0, 0, 0, 0, 2^(-19.4156)], [0, 0, 2^(-18.4994), 0, 0, 0, 0, 0, 0, 0, 2^(-16.7292), 0, 0, 2^(-20.5763), 0], [2^(-18.0272), 0, 0, 2^(-18.5613), 0, 0, 0, 0, 2^(-17.6515), 0, 0, 2^(-16.1615), 0, 0, 0], [0, 0, 0, 0, 2^(-19.3108), 0, 0, 2^(-18.7567), 0, 0, 0, 0, 2^(-16.6720), 0, 0], [0, 0, 0, 0, 0, 2^(-18.4622), 0, 0, 0, 0, 2^(-20.5763), 0, 0, 2^(-16.7027), 0], [0, 0, 0, 0, 0, 0, 2^(-18.7567), 0, 0, 2^(-19.4156), 0, 0, 0, 0, 2^(-16.7439)]], [[0, 0, 0, 0, 0, 0, 0, 0, 0, 0, 0, 0, 0, 0, 0], [0, 0, 0, 0, 0, 0, 0, 0, 0, 0, 0, 0, 0, 0, 0], [0, 0, 0, 0, 0, 0, 0, 0, 0, 0, 0, 0, 0, 0, 0], [0, 0, 0, 0, 0, 0, 0, 0, 0, 0, 0, 0, 0, 0, 0], [0, 0, 0, 0, 0, 0, 0, 0, 0, 0, 0, 0, 0, 0, 0], [0, 0, 0, 0, 0, 0, 0, 0, 0, 0, 0, 0, 0, 0, 0], [0, 0, 0, 0, 0, 0, 0, 0, 0, 0, 0, 0, 0, 0, 0], [0, 0, 0, 0, 0, 0, 0, 0, 0, 0, 0, 0, 0, 0, 0], [0, 0, 0, 0, 0, 0, 0, 0, 0, 0, 0, 0, 0, 0, 0], [0, 0, 0, 0, 0, 0, 0, 0, 0, 0, 0, 0, 0, 0, 0], [0, 0, 0, 0, 0, 0, 0, 0, 0, 0, 0, 0, 0, 0, 0], [0, 0, 0, 0, 0, 0, 0, 0, 0, 0, 0, 0, 0, 0, 0], [0, 0, 0, 0, 0, 0, 0, 0, 0, 0, 0, 0, 0, 0, 0], [0, 0, 0, 0, 0, 0, 0, 0, 0, 0, 0, 0, 0, 0, 0], [0, 0, 0, 0, 0, 0, 0, 0, 0, 0, 0, 0, 0, 0, 0]], [[0, 0, 0, 0, 0, 0, 0, 0, 0, 0, 0, 0, 0, 0, 0], [0, 0, 0, 0, 0, 0, 0, 0, 0, 0, 0, 0, 0, 0, 0], [0, 0, 0, 0, 0, 0, 0, 0, 0, 0, 0, 0, 0, 0, 0], [0, 0, 0, 0, 0, 0, 0, 0, 0, 0, 0, 0, 0, 0, 0], [0, 0, 0, 0, 0, 0, 0, 0, 0, 0, 0, 0, 0, 0, 0], [0, 0, 0, 0, 0, 0, 0, 0, 0, 0, 0, 0, 0, 0, 0], [0, 0, 0, 0, 0, 0, 0, 0, 0, 0, 0, 0, 0, 0, 0], [0, 0, 0, 0, 0, 0, 0, 0, 0, 0, 0, 0, 0, 0, 0], [0, 0, 0, 0, 0, 0, 0, 0, 0, 0, 0, 0, 0, 0, 0], [0, 0, 0, 0, 0, 0, 0, 0, 0, 0, 0, 0, 0, 0, 0], [0, 0, 0, 0, 0, 0, 0, 0, 0, 0, 0, 0, 0, 0, 0], [0, 0, 0, 0, 0, 0, 0, 0, 0, 0, 0, 0, 0, 0, 0], [0, 0, 0, 0, 0, 0, 0, 0, 0, 0, 0, 0, 0, 0, 0], [0, 0, 0, 0, 0, 0, 0, 0, 0, 0, 0, 0, 0, 0, 0], [0, 0, 0, 0, 0, 0, 0, 0, 0, 0, 0, 0, 0, 0, 0]], [[0, 0, 0, 0, 0, 0, 0, 0, 0, 0, 0, 0, 0, 0, 0], [0, 0, 0, 0, 0, 0, 0, 0, 0, 0, 0, 0, 0, 0, 0], [0, 0, 0, 0, 0, 0, 0, 0, 0, 0, 0, 0, 0, 0, 0], [0, 0, 0, 0, 0, 0, 0, 0, 0, 0, 0, 0, 0, 0, 0], [0, 0, 0, 0, 0, 0, 0, 0, 0, 0, 0, 0, 0, 0, 0], [0, 0, 0, 0, 0, 0, 0, 0, 0, 0, 0, 0, 0, 0, 0], [0, 0, 0, 0, 0, 0, 0, 0, 0, 0, 0, 0, 0, 0, 0], [0, 0, 0, 0, 0, 0, 0, 0, 0, 0, 0, 0, 0, 0, 0], [0, 0, 0, 0, 0, 0, 0, 0, 0, 0, 0, 0, 0, 0, 0], [0, 0, 0, 0, 0, 0, 0, 0, 0, 0, 0, 0, 0, 0, 0], [0, 0, 0, 0, 0, 0, 0, 0, 0, 0, 0, 0, 0, 0, 0], [0, 0, 0, 0, 0, 0, 0, 0, 0, 0, 0, 0, 0, 0, 0], [0, 0, 0, 0, 0, 0, 0, 0, 0, 0, 0, 0, 0, 0, 0], [0, 0, 0, 0, 0, 0, 0, 0, 0, 0, 0, 0, 0, 0, 0], [0, 0, 0, 0, 0, 0, 0, 0, 0, 0, 0, 0, 0, 0, 0]]], [[[0, 0, 0, 0, 0, 0, 0, 0, 0, 0, 0, 0, 0, 0, 0], [0, 0, 0, 0, 0, 0, 0, 0, 0, 0, 0, 0, 0, 0, 0], [0, 0, 0, 0, 0, 0, 0, 0, 0, 0, 0, 0, 0, 0, 0], [0, 0, 0, 0, 0, 0, 0, 0, 0, 0, 0, 0, 0, 0, 0], [0, 0, 0, 0, 0, 0, 0, 0, 0, 0, 0, 0, 0, 0, 0], [0, 0, 0, 0, 0, 0, 0, 0, 0, 0, 0, 0, 0, 0, 0], [0, 0, 0, 0, 0, 0, 0, 0, 0, 0, 0, 0, 0, 0, 0], [0, 0, 0, 0, 0, 0, 0, 0, 0, 0, 0, 0, 0, 0, 0], [0, 0, 0, 0, 0, 0, 0, 0, 0, 0, 0, 0, 0, 0, 0], [0, 0, 0, 0, 0, 0, 0, 0, 0, 0, 0, 0, 0, 0, 0], [0, 0, 0, 0, 0, 0, 0, 0, 0, 0, 0, 0, 0, 0, 0], [0, 0, 0, 0, 0, 0, 0, 0, 0, 0, 0, 0, 0, 0, 0], [0, 0, 0, 0, 0, 0, 0, 0, 0, 0, 0, 0, 0, 0, 0], [0, 0, 0, 0, 0, 0, 0, 0, 0, 0, 0, 0, 0, 0, 0], [0, 0, 0, 0, 0, 0, 0, 0, 0, 0, 0, 0, 0, 0, 0]], [[2^(-13.4539), 0, 0, 2^(-15.3341), 0, 0, 0, 0, 2^(-16.4275), 0, 0, 2^(-15.7660), 0, 0, 0], [0, 2^(-13.4209), 0, 0, 0, 0, 0, 0, 0, 0, 0, 0, 0, 0, 0], [0, 0, 2^(-14.2833), 0, 0, 2^(-18.2138), 0, 0, 0, 0, 2^(-16.0847), 0, 0, 0, 0], [2^(-15.3341), 0, 0, 2^(-13.4539), 0, 0, 0, 0, 2^(-15.7660), 0, 0, 2^(-16.4275), 0, 0, 0], [0, 0, 0, 0, 2^(-14.0724), 0, 0, 2^(-15.9574), 0, 0, 0, 0, 2^(-17.0020), 0, 0], [0, 0, 2^(-18.2138), 0, 0, 2^(-14.2833), 0, 0, 0, 0, 0, 0, 0, 2^(-16.0847), 0], [0, 0, 0, 0, 0, 0, 2^(-13.9656), 0, 0, 0, 0, 0, 0, 0, 2^(-16.2091)], [0, 0, 0, 0, 2^(-15.9574), 0, 0, 2^(-14.2400), 0, 0, 0, 0, 2^(-16.2091), 0, 0], [2^(-16.4275), 0, 0, 2^(-15.7660), 0, 0, 0, 0, 2^(-13.4539), 0, 0, 2^(-15.3341), 0, 0, 0], [0, 0, 0, 0, 0, 0, 0, 0, 0, 2^(-13.8313), 0, 0, 0, 0, 2^(-16.9415)], [0, 0, 2^(-16.0847), 0, 0, 0, 0, 0, 0, 0, 2^(-14.2833), 0, 0, 2^(-18.2138), 0], [2^(-15.7660), 0, 0, 2^(-16.4275), 0, 0, 0, 0, 2^(-15.3341), 0, 0, 2^(-13.4539), 0, 0, 0], [0, 0, 0, 0, 2^(-17.0020), 0, 0, 2^(-16.2091), 0, 0, 0, 0, 2^(-14.2883), 0, 0], [0, 0, 0, 0, 0, 2^(-16.0847), 0, 0, 0, 0, 2^(-18.2138), 0, 0, 2^(-14.2833), 0], [0, 0, 0, 0, 0, 0, 2^(-16.2091), 0, 0, 2^(-16.9415), 0, 0, 0, 0, 2^(-14.2959)]], [[0, 0, 0, 0, 0, 0, 0, 0, 0, 0, 0, 0, 0, 0, 0], [0, 0, 0, 0, 0, 0, 0, 0, 0, 0, 0, 0, 0, 0, 0], [0, 0, 0, 0, 0, 0, 0, 0, 0, 0, 0, 0, 0, 0, 0], [0, 0, 0, 0, 0, 0, 0, 0, 0, 0, 0, 0, 0, 0, 0], [0, 0, 0, 0, 0, 0, 0, 0, 0, 0, 0, 0, 0, 0, 0], [0, 0, 0, 0, 0, 0, 0, 0, 0, 0, 0, 0, 0, 0, 0], [0, 0, 0, 0, 0, 0, 0, 0, 0, 0, 0, 0, 0, 0, 0], [0, 0, 0, 0, 0, 0, 0, 0, 0, 0, 0, 0, 0, 0, 0], [0, 0, 0, 0, 0, 0, 0, 0, 0, 0, 0, 0, 0, 0, 0], [0, 0, 0, 0, 0, 0, 0, 0, 0, 0, 0, 0, 0, 0, 0], [0, 0, 0, 0, 0, 0, 0, 0, 0, 0, 0, 0, 0, 0, 0], [0, 0, 0, 0, 0, 0, 0, 0, 0, 0, 0, 0, 0, 0, 0], [0, 0, 0, 0, 0, 0, 0, 0, 0, 0, 0, 0, 0, 0, 0], [0, 0, 0, 0, 0, 0, 0, 0, 0, 0, 0, 0, 0, 0, 0], [0, 0, 0, 0, 0, 0, 0, 0, 0, 0, 0, 0, 0, 0, 0]], [[0, 0, 0, 0, 0, 0, 0, 0, 0, 0, 0, 0, 0, 0, 0], [0, 0, 0, 0, 0, 0, 0, 0, 0, 0, 0, 0, 0, 0, 0], [0, 0, 0, 0, 0, 0, 0, 0, 0, 0, 0, 0, 0, 0, 0], [0, 0, 0, 0, 0, 0, 0, 0, 0, 0, 0, 0, 0, 0, 0], [0, 0, 0, 0, 0, 0, 0, 0, 0, 0, 0, 0, 0, 0, 0], [0, 0, 0, 0, 0, 0, 0, 0, 0, 0, 0, 0, 0, 0, 0], [0, 0, 0, 0, 0, 0, 0, 0, 0, 0, 0, 0, 0, 0, 0], [0, 0, 0, 0, 0, 0, 0, 0, 0, 0, 0, 0, 0, 0, 0], [0, 0, 0, 0, 0, 0, 0, 0, 0, 0, 0, 0, 0, 0, 0], [0, 0, 0, 0, 0, 0, 0, 0, 0, 0, 0, 0, 0, 0, 0], [0, 0, 0, 0, 0, 0, 0, 0, 0, 0, 0, 0, 0, 0, 0], [0, 0, 0, 0, 0, 0, 0, 0, 0, 0, 0, 0, 0, 0, 0], [0, 0, 0, 0, 0, 0, 0, 0, 0, 0, 0, 0, 0, 0, 0], [0, 0, 0, 0, 0, 0, 0, 0, 0, 0, 0, 0, 0, 0, 0], [0, 0, 0, 0, 0, 0, 0, 0, 0, 0, 0, 0, 0, 0, 0]], [[0, 0, 0, 0, 0, 0, 0, 0, 0, 0, 0, 0, 0, 0, 0], [0, 0, 0, 0, 0, 0, 0, 0, 0, 0, 0, 0, 0, 0, 0], [0, 0, 0, 0, 0, 0, 0, 0, 0, 0, 0, 0, 0, 0, 0], [0, 0, 0, 0, 0, 0, 0, 0, 0, 0, 0, 0, 0, 0, 0], [0, 0, 0, 0, 0, 0, 0, 0, 0, 0, 0, 0, 0, 0, 0], [0, 0, 0, 0, 0, 0, 0, 0, 0, 0, 0, 0, 0, 0, 0], [0, 0, 0, 0, 0, 0, 0, 0, 0, 0, 0, 0, 0, 0, 0], [0, 0, 0, 0, 0, 0, 0, 0, 0, 0, 0, 0, 0, 0, 0], [0, 0, 0, 0, 0, 0, 0, 0, 0, 0, 0, 0, 0, 0, 0], [0, 0, 0, 0, 0, 0, 0, 0, 0, 0, 0, 0, 0, 0, 0], [0, 0, 0, 0, 0, 0, 0, 0, 0, 0, 0, 0, 0, 0, 0], [0, 0, 0, 0, 0, 0, 0, 0, 0, 0, 0, 0, 0, 0, 0], [0, 0, 0, 0, 0, 0, 0, 0, 0, 0, 0, 0, 0, 0, 0], [0, 0, 0, 0, 0, 0, 0, 0, 0, 0, 0, 0, 0, 0, 0], [0, 0, 0, 0, 0, 0, 0, 0, 0, 0, 0, 0, 0, 0, 0]], [[0, 0, 0, 0, 0, 0, 0, 0, 0, 0, 0, 0, 0, 0, 0], [0, 0, 0, 0, 0, 0, 0, 0, 0, 0, 0, 0, 0, 0, 0], [0, 0, 0, 0, 0, 0, 0, 0, 0, 0, 0, 0, 0, 0, 0], [0, 0, 0, 0, 0, 0, 0, 0, 0, 0, 0, 0, 0, 0, 0], [0, 0, 0, 0, 0, 0, 0, 0, 0, 0, 0, 0, 0, 0, 0], [0, 0, 0, 0, 0, 0, 0, 0, 0, 0, 0, 0, 0, 0, 0], [0, 0, 0, 0, 0, 0, 0, 0, 0, 0, 0, 0, 0, 0, 0], [0, 0, 0, 0, 0, 0, 0, 0, 0, 0, 0, 0, 0, 0, 0], [0, 0, 0, 0, 0, 0, 0, 0, 0, 0, 0, 0, 0, 0, 0], [0, 0, 0, 0, 0, 0, 0, 0, 0, 0, 0, 0, 0, 0, 0], [0, 0, 0, 0, 0, 0, 0, 0, 0, 0, 0, 0, 0, 0, 0], [0, 0, 0, 0, 0, 0, 0, 0, 0, 0, 0, 0, 0, 0, 0], [0, 0, 0, 0, 0, 0, 0, 0, 0, 0, 0, 0, 0, 0, 0], [0, 0, 0, 0, 0, 0, 0, 0, 0, 0, 0, 0, 0, 0, 0], [0, 0, 0, 0, 0, 0, 0, 0, 0, 0, 0, 0, 0, 0, 0]], [[0, 0, 0, 0, 0, 0, 0, 0, 0, 0, 0, 0, 0, 0, 0], [0, 0, 0, 0, 0, 0, 0, 0, 0, 0, 0, 0, 0, 0, 0], [0, 0, 0, 0, 0, 0, 0, 0, 0, 0, 0, 0, 0, 0, 0], [0, 0, 0, 0, 0, 0, 0, 0, 0, 0, 0, 0, 0, 0, 0], [0, 0, 0, 0, 0, 0, 0, 0, 0, 0, 0, 0, 0, 0, 0], [0, 0, 0, 0, 0, 0, 0, 0, 0, 0, 0, 0, 0, 0, 0], [0, 0, 0, 0, 0, 0, 0, 0, 0, 0, 0, 0, 0, 0, 0], [0, 0, 0, 0, 0, 0, 0, 0, 0, 0, 0, 0, 0, 0, 0], [0, 0, 0, 0, 0, 0, 0, 0, 0, 0, 0, 0, 0, 0, 0], [0, 0, 0, 0, 0, 0, 0, 0, 0, 0, 0, 0, 0, 0, 0], [0, 0, 0, 0, 0, 0, 0, 0, 0, 0, 0, 0, 0, 0, 0], [0, 0, 0, 0, 0, 0, 0, 0, 0, 0, 0, 0, 0, 0, 0], [0, 0, 0, 0, 0, 0, 0, 0, 0, 0, 0, 0, 0, 0, 0], [0, 0, 0, 0, 0, 0, 0, 0, 0, 0, 0, 0, 0, 0, 0], [0, 0, 0, 0, 0, 0, 0, 0, 0, 0, 0, 0, 0, 0, 0]], [[0, 0, 0, 0, 0, 0, 0, 0, 0, 0, 0, 0, 0, 0, 0], [0, 0, 0, 0, 0, 0, 0, 0, 0, 0, 0, 0, 0, 0, 0], [0, 0, 0, 0, 0, 0, 0, 0, 0, 0, 0, 0, 0, 0, 0], [0, 0, 0, 0, 0, 0, 0, 0, 0, 0, 0, 0, 0, 0, 0], [0, 0, 0, 0, 0, 0, 0, 0, 0, 0, 0, 0, 0, 0, 0], [0, 0, 0, 0, 0, 0, 0, 0, 0, 0, 0, 0, 0, 0, 0], [0, 0, 0, 0, 0, 0, 0, 0, 0, 0, 0, 0, 0, 0, 0], [0, 0, 0, 0, 0, 0, 0, 0, 0, 0, 0, 0, 0, 0, 0], [0, 0, 0, 0, 0, 0, 0, 0, 0, 0, 0, 0, 0, 0, 0], [0, 0, 0, 0, 0, 0, 0, 0, 0, 0, 0, 0, 0, 0, 0], [0, 0, 0, 0, 0, 0, 0, 0, 0, 0, 0, 0, 0, 0, 0], [0, 0, 0, 0, 0, 0, 0, 0, 0, 0, 0, 0, 0, 0, 0], [0, 0, 0, 0, 0, 0, 0, 0, 0, 0, 0, 0, 0, 0, 0], [0, 0, 0, 0, 0, 0, 0, 0, 0, 0, 0, 0, 0, 0, 0], [0, 0, 0, 0, 0, 0, 0, 0, 0, 0, 0, 0, 0, 0, 0]], [[0, 0, 0, 0, 0, 0, 0, 0, 0, 0, 0, 0, 0, 0, 0], [0, 0, 0, 0, 0, 0, 0, 0, 0, 0, 0, 0, 0, 0, 0], [0, 0, 0, 0, 0, 0, 0, 0, 0, 0, 0, 0, 0, 0, 0], [0, 0, 0, 0, 0, 0, 0, 0, 0, 0, 0, 0, 0, 0, 0], [0, 0, 0, 0, 0, 0, 0, 0, 0, 0, 0, 0, 0, 0, 0], [0, 0, 0, 0, 0, 0, 0, 0, 0, 0, 0, 0, 0, 0, 0], [0, 0, 0, 0, 0, 0, 0, 0, 0, 0, 0, 0, 0, 0, 0], [0, 0, 0, 0, 0, 0, 0, 0, 0, 0, 0, 0, 0, 0, 0], [0, 0, 0, 0, 0, 0, 0, 0, 0, 0, 0, 0, 0, 0, 0], [0, 0, 0, 0, 0, 0, 0, 0, 0, 0, 0, 0, 0, 0, 0], [0, 0, 0, 0, 0, 0, 0, 0, 0, 0, 0, 0, 0, 0, 0], [0, 0, 0, 0, 0, 0, 0, 0, 0, 0, 0, 0, 0, 0, 0], [0, 0, 0, 0, 0, 0, 0, 0, 0, 0, 0, 0, 0, 0, 0], [0, 0, 0, 0, 0, 0, 0, 0, 0, 0, 0, 0, 0, 0, 0], [0, 0, 0, 0, 0, 0, 0, 0, 0, 0, 0, 0, 0, 0, 0]], [[0, 0, 0, 0, 0, 0, 0, 0, 0, 0, 0, 0, 0, 0, 0], [0, 0, 0, 0, 0, 0, 0, 0, 0, 0, 0, 0, 0, 0, 0], [0, 0, 0, 0, 0, 0, 0, 0, 0, 0, 0, 0, 0, 0, 0], [0, 0, 0, 0, 0, 0, 0, 0, 0, 0, 0, 0, 0, 0, 0], [0, 0, 0, 0, 0, 0, 0, 0, 0, 0, 0, 0, 0, 0, 0], [0, 0, 0, 0, 0, 0, 0, 0, 0, 0, 0, 0, 0, 0, 0], [0, 0, 0, 0, 0, 0, 0, 0, 0, 0, 0, 0, 0, 0, 0], [0, 0, 0, 0, 0, 0, 0, 0, 0, 0, 0, 0, 0, 0, 0], [0, 0, 0, 0, 0, 0, 0, 0, 0, 0, 0, 0, 0, 0, 0], [0, 0, 0, 0, 0, 0, 0, 0, 0, 0, 0, 0, 0, 0, 0], [0, 0, 0, 0, 0, 0, 0, 0, 0, 0, 0, 0, 0, 0, 0], [0, 0, 0, 0, 0, 0, 0, 0, 0, 0, 0, 0, 0, 0, 0], [0, 0, 0, 0, 0, 0, 0, 0, 0, 0, 0, 0, 0, 0, 0], [0, 0, 0, 0, 0, 0, 0, 0, 0, 0, 0, 0, 0, 0, 0], [0, 0, 0, 0, 0, 0, 0, 0, 0, 0, 0, 0, 0, 0, 0]], [[0, 0, 0, 0, 0, 0, 0, 0, 0, 0, 0, 0, 0, 0, 0], [0, 0, 0, 0, 0, 0, 0, 0, 0, 0, 0, 0, 0, 0, 0], [0, 0, 0, 0, 0, 0, 0, 0, 0, 0, 0, 0, 0, 0, 0], [0, 0, 0, 0, 0, 0, 0, 0, 0, 0, 0, 0, 0, 0, 0], [0, 0, 0, 0, 0, 0, 0, 0, 0, 0, 0, 0, 0, 0, 0], [0, 0, 0, 0, 0, 0, 0, 0, 0, 0, 0, 0, 0, 0, 0], [0, 0, 0, 0, 0, 0, 0, 0, 0, 0, 0, 0, 0, 0, 0], [0, 0, 0, 0, 0, 0, 0, 0, 0, 0, 0, 0, 0, 0, 0], [0, 0, 0, 0, 0, 0, 0, 0, 0, 0, 0, 0, 0, 0, 0], [0, 0, 0, 0, 0, 0, 0, 0, 0, 0, 0, 0, 0, 0, 0], [0, 0, 0, 0, 0, 0, 0, 0, 0, 0, 0, 0, 0, 0, 0], [0, 0, 0, 0, 0, 0, 0, 0, 0, 0, 0, 0, 0, 0, 0], [0, 0, 0, 0, 0, 0, 0, 0, 0, 0, 0, 0, 0, 0, 0], [0, 0, 0, 0, 0, 0, 0, 0, 0, 0, 0, 0, 0, 0, 0], [0, 0, 0, 0, 0, 0, 0, 0, 0, 0, 0, 0, 0, 0, 0]], [[0, 0, 0, 0, 0, 0, 0, 0, 0, 0, 0, 0, 0, 0, 0], [0, 0, 0, 0, 0, 0, 0, 0, 0, 0, 0, 0, 0, 0, 0], [0, 0, 0, 0, 0, 0, 0, 0, 0, 0, 0, 0, 0, 0, 0], [0, 0, 0, 0, 0, 0, 0, 0, 0, 0, 0, 0, 0, 0, 0], [0, 0, 0, 0, 0, 0, 0, 0, 0, 0, 0, 0, 0, 0, 0], [0, 0, 0, 0, 0, 0, 0, 0, 0, 0, 0, 0, 0, 0, 0], [0, 0, 0, 0, 0, 0, 0, 0, 0, 0, 0, 0, 0, 0, 0], [0, 0, 0, 0, 0, 0, 0, 0, 0, 0, 0, 0, 0, 0, 0], [0, 0, 0, 0, 0, 0, 0, 0, 0, 0, 0, 0, 0, 0, 0], [0, 0, 0, 0, 0, 0, 0, 0, 0, 0, 0, 0, 0, 0, 0], [0, 0, 0, 0, 0, 0, 0, 0, 0, 0, 0, 0, 0, 0, 0], [0, 0, 0, 0, 0, 0, 0, 0, 0, 0, 0, 0, 0, 0, 0], [0, 0, 0, 0, 0, 0, 0, 0, 0, 0, 0, 0, 0, 0, 0], [0, 0, 0, 0, 0, 0, 0, 0, 0, 0, 0, 0, 0, 0, 0], [0, 0, 0, 0, 0, 0, 0, 0, 0, 0, 0, 0, 0, 0, 0]], [[0, 0, 0, 0, 0, 0, 0, 0, 0, 0, 0, 0, 0, 0, 0], [0, 0, 0, 0, 0, 0, 0, 0, 0, 0, 0, 0, 0, 0, 0], [0, 0, 0, 0, 0, 0, 0, 0, 0, 0, 0, 0, 0, 0, 0], [0, 0, 0, 0, 0, 0, 0, 0, 0, 0, 0, 0, 0, 0, 0], [0, 0, 0, 0, 0, 0, 0, 0, 0, 0, 0, 0, 0, 0, 0], [0, 0, 0, 0, 0, 0, 0, 0, 0, 0, 0, 0, 0, 0, 0], [0, 0, 0, 0, 0, 0, 0, 0, 0, 0, 0, 0, 0, 0, 0], [0, 0, 0, 0, 0, 0, 0, 0, 0, 0, 0, 0, 0, 0, 0], [0, 0, 0, 0, 0, 0, 0, 0, 0, 0, 0, 0, 0, 0, 0], [0, 0, 0, 0, 0, 0, 0, 0, 0, 0, 0, 0, 0, 0, 0], [0, 0, 0, 0, 0, 0, 0, 0, 0, 0, 0, 0, 0, 0, 0], [0, 0, 0, 0, 0, 0, 0, 0, 0, 0, 0, 0, 0, 0, 0], [0, 0, 0, 0, 0, 0, 0, 0, 0, 0, 0, 0, 0, 0, 0], [0, 0, 0, 0, 0, 0, 0, 0, 0, 0, 0, 0, 0, 0, 0], [0, 0, 0, 0, 0, 0, 0, 0, 0, 0, 0, 0, 0, 0, 0]], [[0, 0, 0, 0, 0, 0, 0, 0, 0, 0, 0, 0, 0, 0, 0], [0, 0, 0, 0, 0, 0, 0, 0, 0, 0, 0, 0, 0, 0, 0], [0, 0, 0, 0, 0, 0, 0, 0, 0, 0, 0, 0, 0, 0, 0], [0, 0, 0, 0, 0, 0, 0, 0, 0, 0, 0, 0, 0, 0, 0], [0, 0, 0, 0, 0, 0, 0, 0, 0, 0, 0, 0, 0, 0, 0], [0, 0, 0, 0, 0, 0, 0, 0, 0, 0, 0, 0, 0, 0, 0], [0, 0, 0, 0, 0, 0, 0, 0, 0, 0, 0, 0, 0, 0, 0], [0, 0, 0, 0, 0, 0, 0, 0, 0, 0, 0, 0, 0, 0, 0], [0, 0, 0, 0, 0, 0, 0, 0, 0, 0, 0, 0, 0, 0, 0], [0, 0, 0, 0, 0, 0, 0, 0, 0, 0, 0, 0, 0, 0, 0], [0, 0, 0, 0, 0, 0, 0, 0, 0, 0, 0, 0, 0, 0, 0], [0, 0, 0, 0, 0, 0, 0, 0, 0, 0, 0, 0, 0, 0, 0], [0, 0, 0, 0, 0, 0, 0, 0, 0, 0, 0, 0, 0, 0, 0], [0, 0, 0, 0, 0, 0, 0, 0, 0, 0, 0, 0, 0, 0, 0], [0, 0, 0, 0, 0, 0, 0, 0, 0, 0, 0, 0, 0, 0, 0]], [[0, 0, 0, 0, 0, 0, 0, 0, 0, 0, 0, 0, 0, 0, 0], [0, 0, 0, 0, 0, 0, 0, 0, 0, 0, 0, 0, 0, 0, 0], [0, 0, 0, 0, 0, 0, 0, 0, 0, 0, 0, 0, 0, 0, 0], [0, 0, 0, 0, 0, 0, 0, 0, 0, 0, 0, 0, 0, 0, 0], [0, 0, 0, 0, 0, 0, 0, 0, 0, 0, 0, 0, 0, 0, 0], [0, 0, 0, 0, 0, 0, 0, 0, 0, 0, 0, 0, 0, 0, 0], [0, 0, 0, 0, 0, 0, 0, 0, 0, 0, 0, 0, 0, 0, 0], [0, 0, 0, 0, 0, 0, 0, 0, 0, 0, 0, 0, 0, 0, 0], [0, 0, 0, 0, 0, 0, 0, 0, 0, 0, 0, 0, 0, 0, 0], [0, 0, 0, 0, 0, 0, 0, 0, 0, 0, 0, 0, 0, 0, 0], [0, 0, 0, 0, 0, 0, 0, 0, 0, 0, 0, 0, 0, 0, 0], [0, 0, 0, 0, 0, 0, 0, 0, 0, 0, 0, 0, 0, 0, 0], [0, 0, 0, 0, 0, 0, 0, 0, 0, 0, 0, 0, 0, 0, 0], [0, 0, 0, 0, 0, 0, 0, 0, 0, 0, 0, 0, 0, 0, 0], [0, 0, 0, 0, 0, 0, 0, 0, 0, 0, 0, 0, 0, 0, 0]]], [[[0, 0, 0, 0, 0, 0, 0, 0, 0, 0, 0, 0, 0, 0, 0], [0, 0, 0, 0, 0, 0, 0, 0, 0, 0, 0, 0, 0, 0, 0], [0, 0, 0, 0, 0, 0, 0, 0, 0, 0, 0, 0, 0, 0, 0], [0, 0, 0, 0, 0, 0, 0, 0, 0, 0, 0, 0, 0, 0, 0], [0, 0, 0, 0, 0, 0, 0, 0, 0, 0, 0, 0, 0, 0, 0], [0, 0, 0, 0, 0, 0, 0, 0, 0, 0, 0, 0, 0, 0, 0], [0, 0, 0, 0, 0, 0, 0, 0, 0, 0, 0, 0, 0, 0, 0], [0, 0, 0, 0, 0, 0, 0, 0, 0, 0, 0, 0, 0, 0, 0], [0, 0, 0, 0, 0, 0, 0, 0, 0, 0, 0, 0, 0, 0, 0], [0, 0, 0, 0, 0, 0, 0, 0, 0, 0, 0, 0, 0, 0, 0], [0, 0, 0, 0, 0, 0, 0, 0, 0, 0, 0, 0, 0, 0, 0], [0, 0, 0, 0, 0, 0, 0, 0, 0, 0, 0, 0, 0, 0, 0], [0, 0, 0, 0, 0, 0, 0, 0, 0, 0, 0, 0, 0, 0, 0], [0, 0, 0, 0, 0, 0, 0, 0, 0, 0, 0, 0, 0, 0, 0], [0, 0, 0, 0, 0, 0, 0, 0, 0, 0, 0, 0, 0, 0, 0]], [[0, 0, 0, 0, 0, 0, 0, 0, 0, 0, 0, 0, 0, 0, 0], [0, 0, 0, 0, 0, 0, 0, 0, 0, 0, 0, 0, 0, 0, 0], [0, 0, 0, 0, 0, 0, 0, 0, 0, 0, 0, 0, 0, 0, 0], [0, 0, 0, 0, 0, 0, 0, 0, 0, 0, 0, 0, 0, 0, 0], [0, 0, 0, 0, 0, 0, 0, 0, 0, 0, 0, 0, 0, 0, 0], [0, 0, 0, 0, 0, 0, 0, 0, 0, 0, 0, 0, 0, 0, 0], [0, 0, 0, 0, 0, 0, 0, 0, 0, 0, 0, 0, 0, 0, 0], [0, 0, 0, 0, 0, 0, 0, 0, 0, 0, 0, 0, 0, 0, 0], [0, 0, 0, 0, 0, 0, 0, 0, 0, 0, 0, 0, 0, 0, 0], [0, 0, 0, 0, 0, 0, 0, 0, 0, 0, 0, 0, 0, 0, 0], [0, 0, 0, 0, 0, 0, 0, 0, 0, 0, 0, 0, 0, 0, 0], [0, 0, 0, 0, 0, 0, 0, 0, 0, 0, 0, 0, 0, 0, 0], [0, 0, 0, 0, 0, 0, 0, 0, 0, 0, 0, 0, 0, 0, 0], [0, 0, 0, 0, 0, 0, 0, 0, 0, 0, 0, 0, 0, 0, 0], [0, 0, 0, 0, 0, 0, 0, 0, 0, 0, 0, 0, 0, 0, 0]], [[2^(-14.3808), 0, 0, 2^(-15.7554), 0, 0, 0, 0, 2^(-17.5054), 0, 0, 2^(-16.7292), 0, 0, 0], [0, 2^(-14.2833), 0, 0, 0, 0, 0, 0, 0, 0, 0, 0, 0, 0, 0], [0, 0, 2^(-14.3482), 0, 0, 2^(-16.7745), 0, 0, 0, 0, 2^(-15.5846), 0, 0, 0, 0], [2^(-15.7554), 0, 0, 2^(-14.3548), 0, 0, 0, 0, 2^(-16.7027), 0, 0, 2^(-17.5412), 0, 0, 0], [0, 0, 0, 0, 2^(-13.3264), 0, 0, 2^(-16.8742), 0, 0, 0, 0, 2^(-15.3088), 0, 0], [0, 0, 2^(-16.7745), 0, 0, 2^(-14.2954), 0, 0, 0, 0, 0, 0, 0, 2^(-15.5677), 0], [0, 0, 0, 0, 0, 0, 2^(-13.5287), 0, 0, 0, 0, 0, 0, 0, 2^(-16.9384)], [0, 0, 0, 0, 2^(-16.8742), 0, 0, 2^(-14.8102), 0, 0, 0, 0, 2^(-16.9384), 0, 0], [2^(-17.5054), 0, 0, 2^(-16.7027), 0, 0, 0, 0, 2^(-14.3615), 0, 0, 2^(-15.7571), 0, 0, 0], [0, 0, 0, 0, 0, 0, 0, 0, 0, 2^(-12.6794), 0, 0, 0, 0, 2^(-15.2055)], [0, 0, 2^(-15.5846), 0, 0, 0, 0, 0, 0, 0, 2^(-14.3261), 0, 0, 2^(-16.7745), 0], [2^(-16.7292), 0, 0, 2^(-17.5412), 0, 0, 0, 0, 2^(-15.7571), 0, 0, 2^(-14.3796), 0, 0, 0], [0, 0, 0, 0, 2^(-15.3088), 0, 0, 2^(-16.9384), 0, 0, 0, 0, 2^(-13.3072), 0, 0], [0, 0, 0, 0, 0, 2^(-15.5677), 0, 0, 0, 0, 2^(-16.7745), 0, 0, 2^(-14.3261), 0], [0, 0, 0, 0, 0, 0, 2^(-16.9384), 0, 0, 2^(-15.2055), 0, 0, 0, 0, 2^(-13.2318)]], [[0, 0, 0, 0, 0, 0, 0, 0, 0, 0, 0, 0, 0, 0, 0], [0, 0, 0, 0, 0, 0, 0, 0, 0, 0, 0, 0, 0, 0, 0], [0, 0, 0, 0, 0, 0, 0, 0, 0, 0, 0, 0, 0, 0, 0], [0, 0, 0, 0, 0, 0, 0, 0, 0, 0, 0, 0, 0, 0, 0], [0, 0, 0, 0, 0, 0, 0, 0, 0, 0, 0, 0, 0, 0, 0], [0, 0, 0, 0, 0, 0, 0, 0, 0, 0, 0, 0, 0, 0, 0], [0, 0, 0, 0, 0, 0, 0, 0, 0, 0, 0, 0, 0, 0, 0], [0, 0, 0, 0, 0, 0, 0, 0, 0, 0, 0, 0, 0, 0, 0], [0, 0, 0, 0, 0, 0, 0, 0, 0, 0, 0, 0, 0, 0, 0], [0, 0, 0, 0, 0, 0, 0, 0, 0, 0, 0, 0, 0, 0, 0], [0, 0, 0, 0, 0, 0, 0, 0, 0, 0, 0, 0, 0, 0, 0], [0, 0, 0, 0, 0, 0, 0, 0, 0, 0, 0, 0, 0, 0, 0], [0, 0, 0, 0, 0, 0, 0, 0, 0, 0, 0, 0, 0, 0, 0], [0, 0, 0, 0, 0, 0, 0, 0, 0, 0, 0, 0, 0, 0, 0], [0, 0, 0, 0, 0, 0, 0, 0, 0, 0, 0, 0, 0, 0, 0]], [[0, 0, 0, 0, 0, 0, 0, 0, 0, 0, 0, 0, 0, 0, 0], [0, 0, 0, 0, 0, 0, 0, 0, 0, 0, 0, 0, 0, 0, 0], [0, 0, 0, 0, 0, 0, 0, 0, 0, 0, 0, 0, 0, 0, 0], [0, 0, 0, 0, 0, 0, 0, 0, 0, 0, 0, 0, 0, 0, 0], [0, 0, 0, 0, 0, 0, 0, 0, 0, 0, 0, 0, 0, 0, 0], [0, 0, 0, 0, 0, 0, 0, 0, 0, 0, 0, 0, 0, 0, 0], [0, 0, 0, 0, 0, 0, 0, 0, 0, 0, 0, 0, 0, 0, 0], [0, 0, 0, 0, 0, 0, 0, 0, 0, 0, 0, 0, 0, 0, 0], [0, 0, 0, 0, 0, 0, 0, 0, 0, 0, 0, 0, 0, 0, 0], [0, 0, 0, 0, 0, 0, 0, 0, 0, 0, 0, 0, 0, 0, 0], [0, 0, 0, 0, 0, 0, 0, 0, 0, 0, 0, 0, 0, 0, 0], [0, 0, 0, 0, 0, 0, 0, 0, 0, 0, 0, 0, 0, 0, 0], [0, 0, 0, 0, 0, 0, 0, 0, 0, 0, 0, 0, 0, 0, 0], [0, 0, 0, 0, 0, 0, 0, 0, 0, 0, 0, 0, 0, 0, 0], [0, 0, 0, 0, 0, 0, 0, 0, 0, 0, 0, 0, 0, 0, 0]], [[2^(-17.7300), 0, 0, 2^(-18.3027), 0, 0, 0, 0, 2^(-21.9724), 0, 0, 2^(-20.5763), 0, 0, 0], [0, 2^(-18.2138), 0, 0, 0, 0, 0, 0, 0, 0, 0, 0, 0, 0, 0], [0, 0, 2^(-16.7745), 0, 0, 2^(-18.6098), 0, 0, 0, 0, 2^(-17.5718), 0, 0, 0, 0], [2^(-18.3027), 0, 0, 2^(-17.7300), 0, 0, 0, 0, 2^(-20.5763), 0, 0, 2^(-21.9724), 0, 0, 0], [0, 0, 0, 0, 2^(-15.2918), 0, 0, 2^(-20.7432), 0, 0, 0, 0, 2^(-17.0402), 0, 0], [0, 0, 2^(-18.6098), 0, 0, 2^(-16.7745), 0, 0, 0, 0, 0, 0, 0, 2^(-17.5718), 0], [0, 0, 0, 0, 0, 0, 2^(-15.5226), 0, 0, 0, 0, 0, 0, 0, 2^(-20.2658)], [0, 0, 0, 0, 2^(-20.7432), 0, 0, 2^(-18.0089), 0, 0, 0, 0, 2^(-20.2658), 0, 0], [2^(-21.9724), 0, 0, 2^(-20.5763), 0, 0, 0, 0, 2^(-17.7300), 0, 0, 2^(-18.3027), 0, 0, 0], [0, 0, 0, 0, 0, 0, 0, 0, 0, 2^(-14.4668), 0, 0, 0, 0, 2^(-16.8834)], [0, 0, 2^(-17.5718), 0, 0, 0, 0, 0, 0, 0, 2^(-16.7745), 0, 0, 2^(-18.6098), 0], [2^(-20.5763), 0, 0, 2^(-21.9724), 0, 0, 0, 0, 2^(-18.3027), 0, 0, 2^(-17.7300), 0, 0, 0], [0, 0, 0, 0, 2^(-17.0402), 0, 0, 2^(-20.2658), 0, 0, 0, 0, 2^(-15.1998), 0, 0], [0, 0, 0, 0, 0, 2^(-17.5718), 0, 0, 0, 0, 2^(-18.6098), 0, 0, 2^(-16.7745), 0], [0, 0, 0, 0, 0, 0, 2^(-20.2658), 0, 0, 2^(-16.8834), 0, 0, 0, 0, 2^(-15.1062)]], [[0, 0, 0, 0, 0, 0, 0, 0, 0, 0, 0, 0, 0, 0, 0], [0, 0, 0, 0, 0, 0, 0, 0, 0, 0, 0, 0, 0, 0, 0], [0, 0, 0, 0, 0, 0, 0, 0, 0, 0, 0, 0, 0, 0, 0], [0, 0, 0, 0, 0, 0, 0, 0, 0, 0, 0, 0, 0, 0, 0], [0, 0, 0, 0, 0, 0, 0, 0, 0, 0, 0, 0, 0, 0, 0], [0, 0, 0, 0, 0, 0, 0, 0, 0, 0, 0, 0, 0, 0, 0], [0, 0, 0, 0, 0, 0, 0, 0, 0, 0, 0, 0, 0, 0, 0], [0, 0, 0, 0, 0, 0, 0, 0, 0, 0, 0, 0, 0, 0, 0], [0, 0, 0, 0, 0, 0, 0, 0, 0, 0, 0, 0, 0, 0, 0], [0, 0, 0, 0, 0, 0, 0, 0, 0, 0, 0, 0, 0, 0, 0], [0, 0, 0, 0, 0, 0, 0, 0, 0, 0, 0, 0, 0, 0, 0], [0, 0, 0, 0, 0, 0, 0, 0, 0, 0, 0, 0, 0, 0, 0], [0, 0, 0, 0, 0, 0, 0, 0, 0, 0, 0, 0, 0, 0, 0], [0, 0, 0, 0, 0, 0, 0, 0, 0, 0, 0, 0, 0, 0, 0], [0, 0, 0, 0, 0, 0, 0, 0, 0, 0, 0, 0, 0, 0, 0]], [[0, 0, 0, 0, 0, 0, 0, 0, 0, 0, 0, 0, 0, 0, 0], [0, 0, 0, 0, 0, 0, 0, 0, 0, 0, 0, 0, 0, 0, 0], [0, 0, 0, 0, 0, 0, 0, 0, 0, 0, 0, 0, 0, 0, 0], [0, 0, 0, 0, 0, 0, 0, 0, 0, 0, 0, 0, 0, 0, 0], [0, 0, 0, 0, 0, 0, 0, 0, 0, 0, 0, 0, 0, 0, 0], [0, 0, 0, 0, 0, 0, 0, 0, 0, 0, 0, 0, 0, 0, 0], [0, 0, 0, 0, 0, 0, 0, 0, 0, 0, 0, 0, 0, 0, 0], [0, 0, 0, 0, 0, 0, 0, 0, 0, 0, 0, 0, 0, 0, 0], [0, 0, 0, 0, 0, 0, 0, 0, 0, 0, 0, 0, 0, 0, 0], [0, 0, 0, 0, 0, 0, 0, 0, 0, 0, 0, 0, 0, 0, 0], [0, 0, 0, 0, 0, 0, 0, 0, 0, 0, 0, 0, 0, 0, 0], [0, 0, 0, 0, 0, 0, 0, 0, 0, 0, 0, 0, 0, 0, 0], [0, 0, 0, 0, 0, 0, 0, 0, 0, 0, 0, 0, 0, 0, 0], [0, 0, 0, 0, 0, 0, 0, 0, 0, 0, 0, 0, 0, 0, 0], [0, 0, 0, 0, 0, 0, 0, 0, 0, 0, 0, 0, 0, 0, 0]], [[0, 0, 0, 0, 0, 0, 0, 0, 0, 0, 0, 0, 0, 0, 0], [0, 0, 0, 0, 0, 0, 0, 0, 0, 0, 0, 0, 0, 0, 0], [0, 0, 0, 0, 0, 0, 0, 0, 0, 0, 0, 0, 0, 0, 0], [0, 0, 0, 0, 0, 0, 0, 0, 0, 0, 0, 0, 0, 0, 0], [0, 0, 0, 0, 0, 0, 0, 0, 0, 0, 0, 0, 0, 0, 0], [0, 0, 0, 0, 0, 0, 0, 0, 0, 0, 0, 0, 0, 0, 0], [0, 0, 0, 0, 0, 0, 0, 0, 0, 0, 0, 0, 0, 0, 0], [0, 0, 0, 0, 0, 0, 0, 0, 0, 0, 0, 0, 0, 0, 0], [0, 0, 0, 0, 0, 0, 0, 0, 0, 0, 0, 0, 0, 0, 0], [0, 0, 0, 0, 0, 0, 0, 0, 0, 0, 0, 0, 0, 0, 0], [0, 0, 0, 0, 0, 0, 0, 0, 0, 0, 0, 0, 0, 0, 0], [0, 0, 0, 0, 0, 0, 0, 0, 0, 0, 0, 0, 0